{
    "n_hidden1": 30,
    "n_hidden2": 207,
    "dropout1": 0.5897436562793472,
    "dropout2": 0.07156895220993648,
    "lr": 0.000970336817396098,
    "n_epochs": 143,
    "batch_size": 128,
    "optimizer": "adamw",
    "C1": 1.443457890047099
}