{
    "n_hidden1": 25,
    "n_hidden2": 213,
    "dropout1": 0.54642594708187,
    "dropout2": 0.05428940761686503,
    "lr": 0.0008424725770316354,
    "n_epochs": 128,
    "activation": "relu",
    "use_weight_decay": false
}